0.129125862499
0.290999974772
0.412628545184
0.545653345747
0.699254288145
0.117298920775
0.269976011684
0.381603284109
0.502484204497
0.641660837123
0.827117840218
1.60310974348
2.27218067246
2.8268100416
3.51366941599
0.799964544036
1.44115001436
2.02191267682
2.54036206436
3.09055335181
0.0797640336198
0.192067840424
0.232150624183
0.31238884472
0.370211076623
0.0777598518644
0.188265894264
0.229464886354
0.306783541402
0.368570460476
0.230008567379
0.425388719902
0.636673065409
0.758934508184
1.03214652628
0.223648494684
0.401471699135
0.58552654682
0.725759208292
0.951047431125
