50.0
8.0
0.5
65
0.501153412047
5.30152134721
1.49961032399
5.24587037833
1.62557352314
6.23815408245
3.7992944762
3.89318723037
3.17014669238
3.11590133081
4.44486984342
4.65726815854
2.48244409139
5.0550146496
3.46323990959
4.84834246115
2.64275062569
2.26616058714
1.92324291249
7.19284196263
6.44632000474
4.57474374542
5.44448599314
4.60257903946
7.44622624841
4.5525815583
9.443418888
4.40733522097
8.39485986389
5.50776558412
8.44679572743
4.50894014891
8.50927217898
6.50137118919
11.4258961958
4.13590522926
10.4349387521
4.27676889199
12.4166726402
4.00036088309
9.07421413475
7.32682578879
13.3667908292
3.83969755569
14.362222366
3.74220065011
15.3600598826
3.67644365765
16.3600885621
3.64745896916
17.3602903332
3.64565164891
18.3611107968
3.59686170293
20.1174834411
5.77475155039
19.2941493021
3.23256472823
20.4989534937
4.85033760737
20.4348164165
3.52612171179
20.0956835008
2.62895470829
22.0335137632
3.70850680351
21.1668470132
4.20739346781
22.9521810577
3.31384037686
23.9356031217
3.132509067
24.9342029614
3.17907286121
27.7089804195
5.83769870668
25.8985313783
3.44378157704
26.7914764781
3.89347301365
28.2107853221
6.03254836984
27.61108162
4.46579609038
29.1942641685
5.85152527992
28.374908188
5.11121763789
30.1871262963
5.73225753425
31.1731506649
5.56565637964
32.1468074458
5.337637798
34.0229444677
4.65174841944
33.1004995626
5.0378771506
35.8147807059
3.76650171546
34.9179747728
4.20892585446
36.7298580168
3.37060969042
37.6707442276
3.03806498464
38.6350950859
2.77343803573
40.6005399688
2.44274266308
39.613442428
2.57674860497
41.5967168927
2.36492714959
42.5964008722
2.3397887116
45.5489178969
2.60363204471
43.5575559538
2.44718736545
44.5560021207
2.50291215194
46.5356646212
2.76590003909
47.5127047697
2.97286036664
48.5001217947
3.12240639357
49.5000000011
3.1380135311
55
64
63
62
61
58
60
59
57
56
54
55
53
52
51
49
50
47
48
46
45
44
42
40
37
43
41
39
38
36
35
34
32
33
30
31
28
26
25
24
23
22
21
19
17
18
13
15
12
10
11
5
7
6
1
0
1
1
3
0
2
6
2
1
9
2
4
5
2
8
3
3
11
3
7
2
1
7
2
5
6
1
4
1
2
2
11
12
2
10
5
2
10
15
2
18
15
2
16
15
3
12
13
14
2
20
14
2
18
19
2
17
13
2
17
21
1
16
2
19
22
2
21
23
2
24
22
2
25
23
2
24
26
2
25
28
1
29
2
26
31
2
33
27
2
33
31
2
28
30
2
33
34
3
32
29
30
2
32
35
2
34
36
2
35
38
2
40
43
2
36
39
2
41
38
2
42
37
2
43
39
2
40
44
2
41
37
2
42
45
2
44
46
2
48
45
2
48
50
2
46
47
2
50
51
2
49
47
2
49
52
2
51
53
2
52
55
2
56
55
2
53
54
2
57
54
2
56
59
2
60
61
2
57
60
2
58
59
2
58
62
2
61
63
2
64
62
1
63
