50.0
8.0
0.5
65
0
0.501153412047
5.30152134721
1
1.49961032399
5.24587037833
2
1.62557352314
6.23815408245
3
3.7992944762
3.89318723037
4
3.17014669238
3.11590133081
5
4.44486984342
4.65726815854
6
2.48244409139
5.0550146496
7
3.46323990959
4.84834246115
8
2.64275062569
2.26616058714
9
1.92324291249
7.19284196263
10
6.44632000474
4.57474374542
11
5.44448599314
4.60257903946
12
7.44622624841
4.5525815583
13
9.443418888
4.40733522097
14
8.39485986389
5.50776558412
15
8.44679572743
4.50894014891
16
8.50927217898
6.50137118919
17
11.4258961958
4.13590522926
18
10.4349387521
4.27676889199
19
12.4166726402
4.00036088309
20
9.07421413475
7.32682578879
21
13.3667908292
3.83969755569
22
14.362222366
3.74220065011
23
15.3600598826
3.67644365765
24
16.3600885621
3.64745896916
25
17.3602903332
3.64565164891
26
18.3611107968
3.59686170293
27
20.1174834411
5.77475155039
28
19.2941493021
3.23256472823
29
20.4989534937
4.85033760737
30
20.4348164165
3.52612171179
31
20.0956835008
2.62895470829
32
22.0335137632
3.70850680351
33
21.1668470132
4.20739346781
34
22.9521810577
3.31384037686
35
23.9356031217
3.132509067
36
24.9342029614
3.17907286121
37
27.7089804195
5.83769870668
38
25.8985313783
3.44378157704
39
26.7914764781
3.89347301365
40
28.2107853221
6.03254836984
41
27.61108162
4.46579609038
42
29.1942641685
5.85152527992
43
28.374908188
5.11121763789
44
30.1871262963
5.73225753425
45
31.1731506649
5.56565637964
46
32.1468074458
5.337637798
47
34.0229444677
4.65174841944
48
33.1004995626
5.0378771506
49
35.8147807059
3.76650171546
50
34.9179747728
4.20892585446
51
36.7298580168
3.37060969042
52
37.6707442276
3.03806498464
53
38.6350950859
2.77343803573
54
40.6005399688
2.44274266308
55
39.613442428
2.57674860497
56
41.5967168927
2.36492714959
57
42.5964008722
2.3397887116
58
45.5489178969
2.60363204471
59
43.5575559538
2.44718736545
60
44.5560021207
2.50291215194
61
46.5356646212
2.76590003909
62
47.5127047697
2.97286036664
63
48.5001217947
3.12240639357
64
49.5000000011
3.1380135311
[64, 63, 62, 61, 58, 60, 59, 57, 56, 54, 55, 53, 52, 51, 49, 50, 47, 48, 46, 45, 44, 42, 40, 37, 43, 41, 39, 38, 36, 35, 34, 32, 33, 30, 31, 28, 26, 25, 24, 23, 22, 21, 19, 17, 18, 13, 15, 12, 10, 11, 5, 7, 6, 1, 0]
