50.0
8.0
0.5
65
0.5
4.94344299806
1.05958923986
5.81125519103
1.49932148088
4.91319565505
6.41521883624
1.68274358407
7.37709356949
1.95701966063
2.49606855105
4.83260236684
3.48960084426
4.7194280819
4.4776174756
4.56508062907
8.37655172113
1.99551071753
5.45422470891
4.35004967353
9.37170316856
2.09474438196
6.65219789284
5.01040543419
6.96292095994
5.96090211814
6.40537283458
4.04134537897
10.3622652203
2.23451903131
7.85683560872
2.67136682239
11.3498993801
2.39308554457
7.17498695127
3.40283847858
12.3359257318
2.55967639187
19.2472874465
3.68055719292
13.3221096765
2.72906135452
16.2811832311
3.22668251212
14.308082402
2.89796143917
18.2576931234
3.53540185708
17.2692198398
3.38400436828
15.2944474303
3.06434615076
20.1925230917
3.798379393
21.1825360193
3.93935625982
22.1723561925
4.08241983953
23.1622817484
4.22786635529
26.128110008
4.68621006794
25.1398793631
4.5287233757
24.151564258
4.37629791565
27.1148803866
4.8483388698
30.0803200073
5.3070064973
28.1016849759
5.01238864643
29.0896740529
5.17051945756
33.7266429796
4.43086234551
32.076960786
5.3856830391
31.0767091055
5.39467283492
33.8383793926
2.46874997045
33.9685025373
3.46031900442
33.0537384609
5.171408871
33.8977091361
1.47049522337
34.6006041029
4.9182651483
35.5330102456
4.55676553662
36.4580183769
4.17681822751
37.3731041494
3.7734497197
36.9987363149
5.0178538078
38.2974807299
3.39196847187
39.2476144917
3.0800441423
39.7324212598
2.20540053679
40.2465547165
3.12694487113
41.2095008607
3.39670630453
42.1180967496
3.8143826441
42.67547213
5.22803143661
43.001679214
4.28273309338
43.9155371506
4.68877433023
44.8468942045
5.05296978462
45.7788013135
5.41570726709
47.551681453
6.33893824577
46.6494691825
5.90758326961
48.5094189903
6.62658179227
46.6015011684
4.84722471861
49.4999884888
6.76368774967
54
64
62
60
61
59
58
57
56
54
53
52
50
49
47
46
45
44
37
42
38
39
34
36
35
33
30
31
32
29
28
27
26
19
23
24
21
25
22
20
18
16
14
10
8
4
15
17
13
9
7
6
5
2
0
1
2
1
2
3
0
1
5
1
4
3
8
3
15
2
2
6
2
5
7
2
9
6
2
10
4
2
13
7
2
8
14
2
12
13
1
11
3
9
11
17
2
16
10
2
17
4
2
18
14
2
13
15
2
16
20
2
26
23
2
18
22
2
24
25
2
25
20
2
24
19
2
21
23
2
21
22
2
19
27
2
26
28
2
27
29
2
32
28
2
33
31
2
32
30
2
29
31
2
35
30
2
36
39
2
33
36
2
34
35
3
41
42
44
2
42
39
2
34
38
2
41
43
2
40
37
2
37
38
1
40
2
45
37
2
44
46
3
48
45
47
2
49
46
1
46
2
50
47
3
49
51
52
1
50
2
50
53
2
52
54
2
56
53
1
56
3
57
54
55
2
56
58
2
57
59
3
58
61
63
2
61
62
2
59
60
2
64
60
1
59
1
62
