50.0
8.0
0.5
65
0
0.5
4.94344299806
1
1.05958923986
5.81125519103
2
1.49932148088
4.91319565505
3
6.41521883624
1.68274358407
4
7.37709356949
1.95701966063
5
2.49606855105
4.83260236684
6
3.48960084426
4.7194280819
7
4.4776174756
4.56508062907
8
8.37655172113
1.99551071753
9
5.45422470891
4.35004967353
10
9.37170316856
2.09474438196
11
6.65219789284
5.01040543419
12
6.96292095994
5.96090211814
13
6.40537283458
4.04134537897
14
10.3622652203
2.23451903131
15
7.85683560872
2.67136682239
16
11.3498993801
2.39308554457
17
7.17498695127
3.40283847858
18
12.3359257318
2.55967639187
19
19.2472874465
3.68055719292
20
13.3221096765
2.72906135452
21
16.2811832311
3.22668251212
22
14.308082402
2.89796143917
23
18.2576931234
3.53540185708
24
17.2692198398
3.38400436828
25
15.2944474303
3.06434615076
26
20.1925230917
3.798379393
27
21.1825360193
3.93935625982
28
22.1723561925
4.08241983953
29
23.1622817484
4.22786635529
30
26.128110008
4.68621006794
31
25.1398793631
4.5287233757
32
24.151564258
4.37629791565
33
27.1148803866
4.8483388698
34
30.0803200073
5.3070064973
35
28.1016849759
5.01238864643
36
29.0896740529
5.17051945756
37
33.7266429796
4.43086234551
38
32.076960786
5.3856830391
39
31.0767091055
5.39467283492
40
33.8383793926
2.46874997045
41
33.9685025373
3.46031900442
42
33.0537384609
5.171408871
43
33.8977091361
1.47049522337
44
34.6006041029
4.9182651483
45
35.5330102456
4.55676553662
46
36.4580183769
4.17681822751
47
37.3731041494
3.7734497197
48
36.9987363149
5.0178538078
49
38.2974807299
3.39196847187
50
39.2476144917
3.0800441423
51
39.7324212598
2.20540053679
52
40.2465547165
3.12694487113
53
41.2095008607
3.39670630453
54
42.1180967496
3.8143826441
55
42.67547213
5.22803143661
56
43.001679214
4.28273309338
57
43.9155371506
4.68877433023
58
44.8468942045
5.05296978462
59
45.7788013135
5.41570726709
60
47.551681453
6.33893824577
61
46.6494691825
5.90758326961
62
48.5094189903
6.62658179227
63
46.6015011684
4.84722471861
64
49.4999884888
6.76368774967
[64, 62, 60, 61, 59, 58, 57, 56, 54, 53, 52, 50, 49, 47, 46, 45, 44, 37, 42, 38, 39, 34, 36, 35, 33, 30, 31, 32, 29, 28, 27, 26, 19, 23, 24, 21, 25, 22, 20, 18, 16, 14, 10, 8, 4, 15, 17, 13, 9, 7, 6, 5, 2, 0]
