50.0
8.0
0.5
65
0.5
3.75093722255
2.13708999132
5.94745905965
1.38677135155
4.21314250528
1.35264946798
3.2363346401
1.87882507439
4.9813820012
3.13282261913
6.03974629439
4.1103451381
6.25061381179
5.0881961109
6.04044492886
9.30738598601
3.76343256664
6.53551676133
4.69942047439
8.30938323588
3.83479568502
7.35043184886
4.11914037281
5.92308053588
5.49001335291
10.3065219455
3.81394906605
12.2915996801
4.0602202299
15.2669596174
4.45046435354
11.3002916816
3.92540782471
13.2829000525
4.19601372592
16.2502848903
4.63261793738
14.2748219847
4.32286546368
19.7345572599
3.62870025561
17.2069379409
4.81199123393
18.1987286677
4.94187597664
19.1047005238
4.40548614597
21.5796302371
2.82898315012
20.6438799273
3.18164638574
20.5491000282
3.04854223813
22.5231417963
3.15974251212
19.1029170426
5.36932243747
23.437589858
3.56444578919
24.3303303679
4.01431951313
23.5464542386
2.57056237939
24.1156178109
1.74828423158
25.274642776
4.34336977677
24.6514088817
0.903933635797
26.2560672716
4.53521856985
27.2535281471
4.6064351568
26.9218882686
5.54984121521
28.2369434753
4.42506731962
27.0848164852
6.53647914081
28.9509256126
3.72490340412
30.9031852895
4.05588399162
29.9049321843
4.02468909626
28.9474858041
2.74988297194
29.2354377223
1.79223810413
31.9014096875
3.99631847087
32.8929994735
3.905530308
33.8880276889
3.8059368822
34.8772246697
3.71080180709
35.8736744835
3.62661291976
36.8647570133
3.55883248653
38.8599120349
3.47331811845
37.8634633889
3.50798393284
39.8573312904
3.45094548256
41.7429540175
3.36207268723
42.7409025956
3.4260932742
44.6648726399
3.02745837206
40.7436175975
3.32564850918
45.5818965795
2.62862620887
43.7407664773
3.40959421619
46.5363469424
2.33025646403
44.5014560863
4.05871001387
47.5136052253
2.11820399722
48.5027382321
1.98147212334
49.5
1.91512129999
57
64
63
62
60
58
56
59
55
54
57
53
51
52
50
49
48
47
46
45
41
42
40
38
36
35
33
30
29
27
24
25
26
20
23
28
22
21
18
15
19
17
14
16
13
8
10
11
9
12
7
6
5
1
4
2
3
0
1
3
2
4
5
2
3
4
2
0
2
2
1
2
2
1
6
2
5
7
2
12
6
2
10
13
2
11
12
2
8
11
2
9
10
2
9
7
2
8
16
2
16
17
2
18
19
2
13
14
2
19
14
2
21
15
2
17
15
2
26
23
2
18
22
2
28
21
2
20
28
2
25
27
2
24
26
2
25
20
2
24
29
2
22
23
3
27
30
31
2
33
29
2
32
29
2
34
31
2
35
30
1
32
2
33
36
3
35
37
38
2
36
39
2
40
36
1
37
3
42
43
38
2
42
45
2
40
41
2
40
44
1
43
2
41
46
2
45
47
2
48
46
2
49
47
2
48
50
2
49
52
2
52
53
2
50
51
2
57
51
2
57
55
2
59
54
2
58
59
2
53
54
2
56
60
3
56
61
55
2
58
62
1
59
2
60
63
2
64
62
1
63
