0.474259
0.875807
1.100839
1.180285
-nan
0.387534
0.615192
0.706757
0.503782
-nan
3.755520
5.763042
7.242479
6.966122
-nan
2.561988
2.877235
3.149477
1.982237
-nan
342.189000
7786.487020
8660.544741
8531.846154
-nan
223.437054
6470.829661
3492.571584
2201.364641
-nan
26.448000
29.754933
31.381476
29.076923
-nan
13.029094
12.192986
11.913760
9.482466
-nan
1.000000
0.963000
0.637000
0.013000
0.000000
0.489227
0.898965
1.286223
1.735357
2.207021
0.403929
0.663517
0.834273
1.024145
1.127835
4.094050
6.014633
8.840143
12.559453
19.208067
2.631306
2.921829
3.808947
5.107638
14.280572
381.766533
387.810345
8240.643469
6762.843575
8003.658249
433.005337
156.523020
6005.840852
4754.096543
4922.260413
26.025050
30.059838
31.016060
33.269274
34.668350
13.170090
12.214092
11.492701
11.145563
11.004412
0.998000
0.986000
0.934000
0.895000
0.594000
0.514629
0.923623
1.287429
1.633617
2.190263
0.423239
0.692173
0.833073
0.986280
1.157387
4.287071
6.284702
8.450564
11.805318
16.270765
2.862278
3.135346
3.614036
5.692571
6.483006
514.940941
1319.365953
1823.122153
3757.701187
6194.803899
607.955300
2890.638950
4193.553136
4786.950279
4960.906302
25.701702
28.707441
31.038302
31.727077
34.845183
12.911693
11.942652
11.488025
11.666618
10.613741
0.999000
0.981000
0.966000
0.927000
0.872000
0.499134
0.903176
1.266325
1.629715
2.043688
0.415124
0.669280
0.824237
1.013908
1.034298
4.188666
6.137970
8.147095
10.685400
13.286088
2.835564
2.808244
3.504278
5.001195
4.868185
333.342000
471.620202
1701.879793
547.507772
6665.065775
149.729119
938.809479
4012.640119
178.035390
5353.633909
26.209000
27.957576
30.745078
32.832124
34.528428
12.759519
11.694781
11.442639
11.431744
10.979941
1.000000
0.990000
0.965000
0.965000
0.897000
0.517888
0.889568
1.251853
1.659284
2.021766
0.413368
0.707883
0.815252
0.976994
1.017115
4.248064
6.004722
8.072041
10.421182
13.160718
2.754057
2.993875
3.706885
3.746910
4.816366
380.850851
1653.153611
1882.734715
539.059937
575.945235
369.156855
3539.089831
4035.412965
181.341437
133.606808
26.156156
28.396745
31.129534
32.634069
34.383352
12.998176
12.196896
11.500341
11.636027
11.202988
0.999000
0.983000
0.965000
0.951000
0.913000
