0.357096
0.728963
1.127749
1.622070
1.930165
0.240632
0.527011
0.897617
1.263499
1.338535
3.260303
5.549296
8.496155
12.776311
17.872646
2.349295
3.076789
4.888745
6.443889
12.345787
308.830831
474.297595
5070.511699
8796.154497
10223.215359
596.129273
611.249024
5808.624289
5203.628810
4450.440908
26.664665
29.392786
31.507630
33.383069
36.495826
13.740505
12.442172
11.820103
11.595626
11.712880
0.999000
0.998000
0.983000
0.945000
0.599000
0.397414
0.883565
1.411682
1.994338
2.519550
0.278406
0.780629
1.284673
1.777847
1.777273
3.576632
6.613634
10.716571
16.203164
24.039962
2.132202
4.614618
7.825997
10.409028
21.599287
958.873747
532.743000
14570.015480
15895.063830
13983.485217
1727.325322
204.225853
11576.953237
8663.042916
7190.847726
26.593186
29.652000
31.512900
33.142553
35.450435
13.778408
12.446080
12.601624
11.832470
11.595677
0.998000
1.000000
0.969000
0.940000
0.575000
0.458925
1.414561
2.006900
2.653624
3.484097
0.438219
1.643198
2.161343
2.456307
2.588056
4.295256
11.084245
15.033363
21.570134
33.529428
3.936717
10.753336
12.211136
15.297505
32.031751
1950.133000
5224.528056
68670.864662
60605.887227
71103.258780
800.166720
18198.459543
52654.708656
42439.692665
35005.877234
26.987000
28.782565
31.041890
31.411968
35.550832
13.864084
12.672450
12.070744
11.938494
11.587476
1.000000
0.998000
0.931000
0.869000
0.541000
0.518907
1.485375
2.072590
2.684586
3.639243
0.588768
1.789908
2.249540
2.339545
2.797092
4.990070
12.245119
16.594717
22.691906
35.383250
5.458984
12.773272
13.850216
15.447368
31.326165
3964.786000
5165.311224
106423.973655
131087.398515
143129.869919
1612.431200
5820.837799
102732.663254
81109.507149
66623.419018
26.661000
28.945918
29.645445
31.142327
34.632114
14.166301
12.709876
12.357485
11.600862
11.287306
1.000000
0.980000
0.911000
0.808000
0.492000
0.357869
0.700185
1.086146
1.583222
2.008948
0.236579
0.550718
0.889882
1.204020
1.561492
3.193772
5.130005
7.189651
9.968787
13.353995
1.669589
3.144282
4.870540
5.437179
8.343013
512.695085
641.218876
857.453908
445.094094
732.557673
800.334944
1031.167766
1093.654237
144.242182
1723.109975
26.257773
29.000000
31.184369
33.323323
35.189569
13.640048
12.966670
12.087609
11.672138
11.403389
0.997000
0.996000
0.998000
0.999000
0.997000
0.403743
0.798738
1.342702
1.941801
2.422909
0.296143
0.714154
1.237434
1.807691
1.872095
3.666494
6.121623
8.969557
12.224956
15.607462
2.201562
4.979230
6.845518
10.006330
11.076434
634.521565
4384.285714
3400.394790
3451.045501
1340.154786
862.152501
7607.086763
7224.071265
7600.613585
1767.592319
26.441324
27.977710
30.946894
32.835187
35.600815
13.994834
12.786831
12.165121
12.229609
11.462394
0.997000
0.987000
0.998000
0.989000
0.982000
0.505868
1.350377
1.991966
2.471753
3.100924
0.449158
1.556295
2.072711
2.181091
2.336210
4.843784
10.513365
13.973506
16.764146
20.636688
4.096855
10.721178
11.989742
11.765983
13.540439
2257.837838
17713.452888
2602.222222
3059.549251
3462.796060
1761.028020
38981.469522
910.875776
901.774032
1086.459707
25.965966
29.087133
30.817238
31.596360
34.369641
13.908209
12.935680
12.617458
11.661024
11.410445
0.999000
0.987000
0.963000
0.934000
0.863000
0.534736
1.563885
1.922659
2.535393
3.082971
0.571920
1.881413
2.106013
2.207262
2.382454
5.146674
12.435005
14.546214
18.142956
21.441670
5.329989
13.088533
13.344298
12.634932
14.332453
4426.555556
4853.790554
30629.922309
5775.156471
5718.090680
2876.503941
1938.940576
71346.227800
4417.434744
1256.550514
26.693694
28.292608
29.264151
31.943529
33.464736
14.412355
12.665237
11.535071
11.634193
11.470887
0.999000
0.974000
0.901000
0.850000
0.794000
