0.363838
0.682488
0.938423
0.830396
-nan
0.220471
0.389840
0.505048
0.282780
-nan
2.667468
5.009514
7.216120
5.497560
-nan
2.032747
3.399510
4.251454
2.023463
-nan
185.971000
6038.055158
10994.482540
9488.909091
-nan
53.200603
6930.335637
4605.652218
3279.608914
-nan
29.381000
32.750766
33.579365
34.636364
-nan
15.088335
13.950269
14.462186
12.323464
-nan
1.000000
0.979000
0.630000
0.011000
0.000000
0.355132
0.682835
1.088168
1.576189
1.850605
0.222744
0.374861
0.623843
1.013842
1.060052
2.831931
5.328649
8.599945
13.157430
17.077748
2.084785
3.454413
5.011800
7.463094
10.055343
597.263263
236.946000
8496.388320
7704.479744
10932.580537
1277.631795
78.086741
6658.034182
5344.474415
4210.981995
27.952953
32.323000
34.375000
35.585288
39.112416
14.695262
14.242495
13.670251
13.373177
12.877030
0.999000
1.000000
0.976000
0.938000
0.596000
0.348967
0.673293
1.097320
1.564348
2.110047
0.226709
0.391873
0.623179
1.020812
1.360511
2.999927
5.660026
8.730016
12.299656
16.718567
2.226886
3.465789
5.124079
7.502505
9.152681
388.035105
774.123370
272.688000
8333.809426
9525.442781
677.711468
2351.701398
99.829889
6853.546195
4770.080603
26.871615
30.343029
34.087000
36.023566
38.816043
14.511213
14.537769
14.068668
13.700188
12.608984
0.997000
0.997000
1.000000
0.976000
0.935000
0.360155
0.689992
1.104645
1.560521
2.055522
0.221982
0.423333
0.647127
0.970471
1.254381
2.992326
5.554906
8.621809
11.664416
15.448794
2.221374
3.564510
4.737771
7.355692
8.613565
1136.698699
2613.236710
258.168000
294.728000
11266.349585
3531.917708
4761.582571
105.203202
88.665303
5486.632973
28.231231
31.000000
33.708000
36.872000
38.178423
14.838321
14.179180
13.767743
13.793173
12.771910
0.999000
0.997000
1.000000
1.000000
0.964000
0.351021
0.682394
1.075017
1.534623
2.057874
0.225988
0.379412
0.653464
0.972961
1.289859
3.013704
5.734250
8.564206
11.589009
15.253506
2.454084
3.532416
5.087816
6.621874
8.743806
336.011022
928.201201
985.232465
1414.104208
1164.713714
497.520073
3056.107734
2713.372931
3565.751303
3237.447037
27.365731
30.367367
33.960922
36.271543
38.695696
14.656710
13.986057
13.874021
13.555106
12.993549
0.998000
0.999000
0.998000
0.998000
0.999000
