50.0
8.0
0.5
65
0.500175301198
4.73646634787
2.49690303259
4.62454406478
1.49962759736
4.69831204669
3.49185978625
4.52095880273
4.52512182639
3.48120042453
4.4841531273
4.39704772671
5.47515336585
4.26111837251
5.69121507376
6.22246886505
6.45678760954
4.07024270806
5.53716095558
5.23440645373
7.16590249138
2.67015277485
7.33852666539
3.59728147586
8.32649966099
3.75427740409
9.32481885569
3.81223475182
12.3250627017
3.76741253593
10.3249770464
3.8077644556
11.3252462197
3.78658321211
14.3259358582
3.75075648208
13.3252737594
3.75557508914
17.065111826
5.29235387919
17.0648262401
4.29235391997
15.325935919
3.75060292295
16.3262946312
3.75339732479
17.3270909949
3.76115206312
18.3268790065
3.78202662001
19.6274383053
4.54420708463
19.3266575585
3.8301030555
20.3229964697
3.92130195631
21.3123425408
4.06698144053
22.2930102397
4.26739089673
22.7755221841
3.39679482101
26.1787597227
5.22118351309
25.2015864347
5.00634601443
27.1630952666
5.39749921213
22.9308857027
2.40879293096
24.2314156006
4.76199002622
23.2639112174
4.50708320377
28.0650101642
5.63206098585
32.4146868963
3.45093749652
32.6727765739
3.16049581486
32.6591728811
4.42165485097
33.5493615145
2.92807118417
29.0623288397
5.70533822922
30.0622593047
5.68637425179
31.9769318375
5.15391892536
34.5456930711
2.84843911175
35.5422432628
2.8986057672
36.5268061297
3.06800805495
31.05000126
5.52993076111
37.4911510895
3.33022404173
39.3813800442
3.98178241109
38.4386919609
3.64985867211
39.2755135853
5.77661168477
39.7413034015
4.89171629712
40.6410964218
4.45539930157
38.4879968957
2.73238215607
41.6410800403
4.46112317744
42.5445372325
4.63710295418
43.5372937597
4.74673279246
45.5231031432
4.97418379983
44.5308724161
4.85987630105
46.513419365
5.08244713032
47.5070325774
5.17570493332
48.5046748426
5.24433372304
49.5
5.28053601554
54
64
63
62
61
59
60
58
57
56
54
53
50
51
49
47
46
45
41
39
38
40
44
48
43
42
37
33
31
32
35
36
29
28
27
26
24
23
22
21
17
18
14
16
15
13
12
11
8
6
5
3
1
2
0
1
2
2
2
3
2
0
1
2
1
5
1
5
3
3
4
6
3
8
9
5
1
9
2
11
6
2
6
7
1
11
3
8
10
12
2
11
13
2
12
15
2
16
18
2
16
13
2
14
15
2
18
21
2
17
14
1
20
2
19
23
2
17
22
2
21
23
3
24
20
22
2
26
23
1
26
3
24
25
27
2
26
28
2
27
29
3
36
28
30
2
34
29
2
32
33
2
35
31
2
37
31
1
30
2
32
36
2
35
29
2
33
42
2
40
39
2
41
38
2
44
38
2
45
39
2
43
37
2
48
42
2
40
48
2
41
46
2
45
47
2
49
46
2
43
44
2
51
47
2
51
53
3
49
50
55
1
53
3
50
52
54
2
56
53
1
51
2
57
54
2
56
58
2
57
60
2
60
61
2
58
59
2
59
62
2
61
63
2
64
62
1
63
