50.0
8.0
0.5
65
0.499999999999
3.45098917659
2.49090629407
3.31108999778
3.48525432322
3.20492033675
1.49737596591
3.40039794919
4.47957593608
3.11467429989
5.1108435091
2.38980761996
5.79847546893
3.11645169118
6.74664145598
3.43493111556
8.65469362205
4.03111336423
7.6899340225
3.76698143352
11.6296643762
4.41965336773
10.6350360159
4.31023198783
12.6225959133
4.5383421696
9.64144585404
4.19474709331
13.6150112883
4.66582981698
14.606722804
4.79434316638
15.5998536258
4.91351871002
16.5952596826
5.01133887731
17.5517928549
4.81917261184
18.5517969649
4.82301713252
19.5513896898
4.77396711574
19.8907309731
1.80062922411
20.2047378058
2.75015121243
21.5505970038
4.65791046047
20.5501827923
4.70864828658
22.549944536
4.618039353
20.3593255105
3.73819820194
21.9042590058
5.37107689275
23.5493741283
4.55355857569
24.5442667862
4.44522879847
25.2279009695
3.83048764461
27.5112503464
3.98844203255
25.5340653812
4.30268096415
24.9794175836
2.86185148643
26.5223500287
4.14526826415
25.1871379885
1.88366324617
28.5005443745
3.84250514645
29.4933442794
3.7140431133
31.3706786843
1.53266487025
30.4876961649
3.60790818692
31.4964022964
2.52473786176
31.485041714
3.52481664083
33.4854634988
3.53777388869
34.4847421513
3.57575648267
35.4836616658
3.62934746498
32.4850632078
3.51936748934
36.5765275433
6.56675776636
35.793138648
7.02005602538
36.4814879606
3.69524760822
37.4787949913
3.77096541019
36.8569293116
5.60687504003
38.6351983584
3.42390676175
37.7866125612
2.89484895422
37.0585853053
4.6274186291
39.5873671321
3.72451957554
40.5706491017
3.90660902697
44.5407005985
4.32298379192
41.5588728583
4.03632129863
47.5294378526
4.50985623696
43.5464406267
4.23838665657
45.5341771804
4.39704384064
46.5322041948
4.45982981498
42.5509526017
4.14349939662
48.5002756538
4.51297612745
49.5
4.53194651106
52
64
63
58
61
60
56
59
62
57
55
54
51
52
49
48
44
43
42
45
41
39
37
36
31
34
32
29
28
25
23
24
20
19
18
17
16
15
14
12
10
11
13
8
9
7
6
5
4
2
1
3
0
1
3
2
2
3
2
1
4
2
0
1
2
2
5
2
4
6
2
5
7
2
9
6
2
9
13
2
7
8
2
11
12
2
10
13
2
10
14
2
8
11
2
12
15
2
16
14
2
17
15
2
16
18
2
17
19
2
18
20
2
24
19
1
22
2
26
21
2
24
25
3
26
20
23
3
27
28
23
2
24
22
1
25
2
25
29
2
32
28
2
32
33
2
34
36
3
34
29
30
2
35
30
2
32
31
1
33
2
37
31
2
36
39
1
40
2
41
37
2
41
38
3
40
45
39
2
43
45
2
42
44
2
48
43
2
41
42
2
50
47
1
46
2
49
44
3
48
52
53
2
53
46
2
52
54
2
49
51
2
49
50
2
51
55
2
57
54
2
59
60
2
62
55
2
61
63
2
56
62
2
56
61
2
58
60
2
57
59
2
64
58
1
63
