50.0
8.0
0.5
65
0.49855605363
2.68862357936
1.49561087246
2.70667547469
1.89936715764
6.5936458624
2.87693396992
6.80427142481
3.87600641381
6.76313624842
2.49497381203
2.74236654301
4.86589734843
6.62165846912
3.49041434693
2.7941663545
5.80776846188
6.28568405694
6.60565871398
5.68274488624
6.48215317993
3.02801529163
4.48788452401
2.86055710693
5.48477791045
2.93932197798
7.08708403868
4.80625777201
7.04618027673
3.80728581798
7.4923793989
3.12515120097
8.49057182343
3.22534706478
9.08956678975
3.99132756402
9.51009067927
3.32866038926
10.5047588386
3.42696625479
11.5004768535
3.5194114645
15.48088048
3.86194747261
12.4964894877
3.60290021039
18.5806752249
3.98093208817
14.4873875256
3.75647941176
16.4732113871
3.98684750866
13.4904727139
3.67781302145
17.5847577847
4.08407113277
16.9085389144
4.82277038396
19.5780165289
3.86212899574
20.6035358582
3.74152185936
21.622378742
3.64196619504
24.619539002
3.44460195846
22.6193186985
3.56373772527
23.6192963151
3.49916051576
25.5591000882
3.46270623096
32.5595107975
3.36809591322
26.5585172587
3.42200280773
27.5579668168
3.38882733822
28.5579154618
3.36445627198
31.5591169884
3.35170767994
33.5602340387
3.39400478252
34.5596487597
3.4282334696
35.5598068088
3.46926016328
29.5581668955
3.34983831435
30.5591356453
3.34553520134
36.5587602441
3.5150103971
38.5573615378
3.61144584759
40.5566867716
3.69889760191
39.5567570832
3.65724891757
41.5563156627
3.73625628381
37.5585228991
3.56326204833
42.5556360093
3.77315249433
45.894683582
0.861111028907
43.554973341
3.82224867107
46.528561815
3.52816654655
46.6437647352
1.52358927593
46.4980156771
5.43448346084
46.4774070713
4.45011279652
47.5060100337
3.31697321152
47.1654073529
2.37675638146
44.5506781663
3.91484334973
48.5014653523
3.22169403578
45.531135182
4.11322773756
49.5000015325
3.16852354325
54
64
62
59
55
58
63
61
54
52
50
48
49
47
51
46
43
42
41
36
40
45
44
39
38
37
35
32
34
33
31
30
29
23
27
28
25
21
24
26
22
20
19
18
17
16
15
14
10
12
11
7
5
1
0
1
1
2
0
5
1
3
2
2
4
2
3
6
2
1
7
2
8
4
2
11
5
2
9
6
2
8
13
2
12
14
2
12
7
2
10
11
2
9
14
3
10
13
15
2
16
14
2
17
15
2
16
18
2
17
19
2
18
20
2
19
22
2
24
25
2
26
20
2
27
29
2
26
21
2
28
21
2
24
22
2
28
23
2
25
27
2
30
23
2
29
31
2
33
30
2
34
35
2
34
31
2
32
33
2
32
37
2
40
41
2
35
38
2
37
39
2
44
38
2
36
45
2
42
36
2
41
43
2
42
46
2
45
39
2
40
44
2
51
43
2
49
51
2
49
50
2
48
47
2
48
52
2
46
47
2
50
54
1
56
2
52
61
2
58
59
2
60
53
1
58
3
57
55
63
3
60
62
55
2
56
59
2
54
63
2
64
59
2
58
61
1
62
