50.0
8.0
0.5
65
0.5
6.37002502551
1.16711401699
5.88155393316
1.92585790644
6.39950126172
2.92559579454
6.42239569567
3.9247973
6.450118489
4.92418074052
6.47780261311
8.66099863708
2.45255142095
5.92019256228
6.39008393458
7.3695612522
5.07411042151
8.33703812516
3.3986220244
7.89392042773
4.22273620368
6.782311126
5.88351593748
9.62398436654
2.72210379962
10.5972797444
2.94783419686
11.580565255
3.12990452535
12.4805056884
2.69389166276
13.3768171491
2.25513026125
15.3306332495
1.87210428429
14.3356303919
1.97195073341
13.1742474015
3.28036268392
13.5573995803
4.20411935885
16.3292638123
1.92442062187
14.3327261051
4.83569191049
15.2784198558
5.16076063121
16.2535983904
5.38218379065
17.2979777658
2.01989791519
18.2695459775
2.25657445928
21.8305851024
5.16230421446
19.2152449368
2.58161826923
20.1209071484
3.00554685753
21.7037697759
4.21452749557
22.8308729081
5.13177676654
20.9673975166
3.53795089549
23.8159305396
5.30401708232
24.7929237558
5.51867682824
25.7774933915
5.69390505719
26.7735559777
5.78505660547
34.623319978
4.3547921999
28.7689888385
5.67128953829
27.7740652032
5.77529455574
35.6083503475
4.18238298912
29.7532683838
5.49465937448
30.7285334519
5.27201585551
36.5985976359
4.04103440867
33.643771948
4.5574660925
32.6693050301
4.78545428362
37.5924428565
3.92835997814
31.6992882415
5.02859899974
38.4945469626
3.70365481536
39.490822285
3.61556049938
42.5521107435
3.29394997417
41.985603491
6.19712487827
43.543779499
3.16496656799
42.1455286912
4.20288088265
41.4847213883
3.45115941251
40.4867053351
3.52473127731
44.535034769
3.03862089013
42.1079858846
5.20243459647
45.5230915469
2.92249480863
42.8190124989
4.94217041647
46.5180258026
2.82192940518
43.6791375766
5.4537574104
47.5116815444
2.74293117381
48.5067341052
2.68861178984
49.5
2.66100508108
56
64
63
62
60
58
56
52
50
53
54
55
49
48
46
43
40
37
44
45
47
42
41
38
39
36
35
34
33
31
27
30
32
29
28
26
25
21
17
18
16
15
14
13
12
6
9
10
8
11
7
5
4
3
2
1
0
1
1
2
0
2
2
1
3
2
2
4
2
3
5
2
4
7
2
9
12
2
11
5
2
10
11
2
10
6
2
8
9
2
8
7
2
13
6
2
12
14
2
13
15
3
16
19
14
2
18
15
2
18
21
2
16
17
2
20
15
2
19
22
2
17
25
2
20
23
2
24
22
1
23
2
26
21
2
25
28
2
30
31
2
26
29
2
32
28
2
32
27
2
33
27
2
29
30
2
34
31
2
33
35
2
34
36
2
35
39
2
40
44
2
41
39
2
36
38
2
43
37
2
42
38
2
41
47
2
40
46
2
45
37
2
44
47
2
48
43
2
42
45
2
49
46
2
48
55
2
52
53
1
57
2
56
50
4
57
50
59
54
2
53
55
2
49
54
2
58
52
2
51
53
2
56
60
2
61
53
2
58
62
1
59
2
60
63
2
64
62
1
63
