50.0
8.0
0.5
65
0.5
4.16290702735
1.49851362215
4.15552671345
2.68800226028
6.12757907221
2.49841900317
4.14177058754
4.49411493605
4.08086417142
2.66468941504
5.12785085224
5.48737560341
4.05089968411
3.49460951834
4.11231143854
6.48705455285
4.02556180618
11.3800225058
1.57829050434
8.47412152785
4.00258832048
7.48299953387
4.00852721744
9.47110268639
4.00998893304
11.5872685584
2.5566569509
14.7786469769
4.31562922451
10.4708511455
4.03241702417
13.7825652109
4.22372399344
11.4678470307
4.05891928749
12.1224968333
3.33958986405
12.7926000133
4.08213945735
15.7750018695
4.40356714028
16.7712397917
4.49022786368
18.7649425962
4.65640866497
19.7618357558
4.73618882502
17.7678985237
4.57456284533
20.7588713522
4.81313340193
21.7426039204
4.85069362899
22.7410029202
4.91015552772
23.7403129841
4.9527878778
24.7402952884
4.97630922158
26.7406688325
4.96434082314
25.7402899309
4.98026252645
27.7400045552
4.9278921258
29.735829631
4.79306502813
30.7314102097
4.69686532664
28.7388335273
4.87052088027
32.7061992814
4.38661159535
31.7244866656
4.57718434565
34.1547838098
4.55456896438
35.1387122234
6.50662676831
35.1441852649
4.69978923627
33.5486259873
3.84768525856
35.6375103444
5.63976472696
36.1308431168
4.86259698042
37.1297769063
4.81643073208
36.4152823443
5.65973898195
38.1215412328
4.69549615422
39.0891350401
0.443987964217
38.0935267682
0.537607012202
39.1084751881
4.54193587784
40.0570313632
0.695338407789
40.0983300584
4.39985371181
40.9854421124
1.06689389836
41.0827684566
4.2241224545
41.912781633
3.66637845721
42.6494155534
4.34267021992
41.7582531257
1.70153048785
45.5380635059
5.1116812361
42.004916791
2.67063163755
46.5299957683
5.2384513777
43.5798722184
4.70907226788
47.5265258716
5.3216845034
44.55310212
4.93890661879
48.5256144034
5.36437444059
49.5
5.34811120429
52
64
63
61
59
57
62
60
55
54
53
51
49
46
44
43
40
38
41
36
37
34
33
35
32
30
31
29
28
27
26
25
23
22
24
21
20
14
16
19
18
17
15
12
10
11
8
6
4
7
3
1
0
1
1
2
0
3
1
5
3
1
5
7
2
6
7
2
2
3
2
8
4
2
3
4
2
11
6
1
13
2
11
12
2
8
10
2
10
15
2
9
18
2
16
20
2
17
12
2
19
14
2
18
15
3
17
19
13
2
16
18
2
21
14
2
24
20
2
24
23
2
25
22
2
21
22
2
26
23
2
25
27
2
26
28
2
27
29
2
28
31
2
32
31
2
29
30
2
35
30
2
34
35
2
33
37
2
32
33
2
41
37
2
34
36
2
40
41
1
42
2
43
38
2
36
38
2
43
39
4
40
42
44
45
2
43
46
1
43
2
49
44
2
48
50
1
47
2
51
46
2
52
47
2
49
53
2
56
50
2
51
54
3
58
53
55
2
60
54
2
58
52
2
59
62
2
56
54
2
57
61
2
62
55
2
59
63
2
57
60
2
64
61
1
63
