50.0
8.0
0.5
65
0.499999999941
3.68840414541
1.80274133411
6.05096194348
1.49913940778
3.70312904646
2.49852308335
3.72924086785
2.55427056284
5.39126214704
3.05725783094
4.52696832558
2.40128797473
2.73432788407
3.80017257211
3.85758224826
4.79859422463
3.81483024253
5.79716355117
3.82540757519
6.79551691546
3.82795766417
7.79543802717
3.81539699666
10.7886406623
3.71540704837
8.7936122055
3.78895107155
9.78952868701
3.75332678456
11.7881579446
3.68433934024
14.7286918489
3.90697183467
12.7325021758
3.81953930488
15.7197139392
4.01149344733
13.7308524278
3.84127183366
16.7120378882
4.13515905129
18.7018228426
4.29512693973
17.7031264158
4.24320425908
20.6281439782
3.87715785323
19.7008745227
4.2515859486
21.5241611689
3.43313846881
20.5054230209
4.8425235105
22.4368257861
3.02437622893
20.9279960984
5.74842086755
24.3918409922
2.77656881356
23.3928778342
2.73104287932
23.6243666987
1.75817808609
25.3764408055
2.95171425672
26.7426396353
6.39970868726
27.7407889831
6.46063255113
27.3029842313
3.48712588414
26.3457231197
3.19766505729
28.2606164719
3.77526362989
28.630874077
4.69828890292
28.3283325362
5.65143996305
28.7336568162
6.56561711615
29.5110975237
6.84273166015
29.2567713316
3.68763785107
30.2466676665
3.5442892844
30.2494722181
7.46444068856
31.2391128789
3.42086907801
33.975117477
2.53828527161
34.9434891991
2.28708585523
33.2254401611
3.20066807604
32.236742088
3.35128817589
35.9314153209
2.44210549523
36.8905182321
2.72608712325
37.8500583326
2.96607490438
38.7836232609
3.32508690352
39.7068543308
3.7093432371
40.6343171689
4.08406519597
42.5320820928
4.71484596009
43.509606063
4.92932621757
41.5744636124
4.4267971583
44.5011040577
5.05945196946
45.5017547105
5.10882883901
47.5015471109
5.04644536566
46.5016697435
5.09523178588
48.5001002636
4.99256602739
49.4999966153
4.95854913007
52
64
63
61
62
60
59
57
56
58
55
54
53
52
51
50
47
46
48
49
45
43
42
37
35
36
32
29
30
27
25
23
24
21
22
20
18
16
19
17
15
12
14
13
11
10
9
8
7
5
3
2
0
1
2
1
4
2
0
3
3
2
5
6
2
1
5
3
3
4
7
1
3
2
8
5
2
9
7
2
8
10
2
9
11
2
10
13
2
14
15
2
11
14
2
12
13
2
17
12
2
18
19
2
19
15
2
16
20
2
16
17
2
18
22
2
24
22
2
20
21
2
24
25
3
26
21
23
2
27
23
2
24
28
2
25
30
1
26
2
32
30
3
27
29
31
1
30
2
36
29
1
34
2
33
39
2
36
37
2
32
35
3
42
35
38
2
37
39
3
40
34
38
2
41
39
2
40
44
2
43
37
2
42
45
1
41
2
49
43
2
48
47
2
50
46
2
49
46
2
48
45
2
51
47
2
50
52
2
51
53
2
52
54
2
53
55
2
58
54
2
57
58
2
56
59
2
56
55
2
57
60
2
59
62
2
62
63
2
60
61
2
64
61
1
63
