50.0
8.0
0.5
65
0.5
3.57490764365
1.39932887183
4.00639835399
1.11071674916
2.78320799109
1.20704536051
1.78816906028
2.26863098865
4.50067947814
5.16038375732
4.53910511548
3.2081720695
4.83848526535
4.20816932196
4.84082942331
6.0429897803
4.06899171618
7.28446044193
2.95559802192
6.92461492939
3.88844701361
7.91910692831
3.78701829506
7.21139012835
1.95827123031
9.80737299727
4.3889808462
10.6538967668
4.91980118351
8.90356790883
3.96103650155
11.5729834266
5.31385665147
13.4690278261
4.85055068328
12.5721113521
5.29275068181
14.2382790542
4.21199557312
15.0248388421
3.63478830483
15.773448699
2.97177753404
16.6034481607
2.41401334221
18.3608700615
3.74267187537
18.0601824341
2.78894919517
17.5273693955
2.03143060363
18.9991405902
4.51248401619
19.2559835563
5.42777703736
20.091078636
4.8790096529
20.9964422432
4.45437246795
21.9502652726
4.16128517149
24.4222650393
6.37023808497
22.9480842521
4.12104463879
24.8623572711
4.6867135879
25.8249101067
4.94838922516
25.0982487476
5.63332151837
23.9204016257
4.35470876746
26.8131282523
4.80007922655
26.5349762649
5.76016714476
27.7851650765
4.56525075189
30.8397971979
2.20392687941
30.3523703382
1.33076272285
30.9424480548
2.91488487126
30.6626542238
3.85825683923
31.7154453243
3.54956418742
28.7439134944
4.42228703923
32.7032051221
3.39209693948
29.7026247864
4.13815589133
33.6966914259
3.27810757456
34.6967721817
3.2463205382
37.6467219672
3.75071179411
36.6771104236
3.49970509591
35.694705397
3.31085322708
38.6316341186
3.92645141915
40.5909825496
4.33213231682
39.6150463716
4.1139468612
44.5217215775
5.07347397432
45.5165771823
5.17774015135
41.5666907295
4.55395077834
42.5468722085
4.75714534228
43.5318079989
4.93177773705
48.4999719226
5.23548745915
46.5021694015
5.13354554746
47.500508658
5.19126899263
49.4996902141
5.25925967954
56
64
61
63
62
57
56
60
59
58
54
55
53
50
51
52
49
48
46
44
42
43
47
45
39
37
34
33
36
32
30
29
28
27
26
23
24
25
22
21
20
19
17
18
16
14
13
15
11
10
8
5
7
6
4
1
0
2
1
2
2
0
4
2
0
3
1
2
2
1
6
2
8
7
2
4
7
2
5
6
2
10
5
2
10
12
3
8
9
11
2
10
15
1
9
2
14
15
2
16
13
2
11
13
2
18
14
2
18
19
2
16
17
2
17
20
2
19
21
2
20
22
2
25
21
2
24
26
2
25
23
2
24
22
2
27
23
2
26
28
2
27
29
2
28
30
2
32
29
1
35
2
36
30
2
34
36
3
33
35
37
2
34
31
2
32
33
3
34
38
39
1
37
2
37
45
2
41
42
1
40
3
40
43
44
2
42
47
2
42
46
2
39
47
2
48
44
2
43
45
2
49
46
2
48
52
2
51
53
2
50
52
2
49
51
2
50
55
2
58
55
2
53
54
2
57
60
2
56
62
2
59
54
2
58
60
2
56
59
2
64
63
2
57
63
2
61
62
1
61
