50.0
8.0
0.5
65
0.5
1.54508048283
1.16479987844
2.25547796232
2.06032430462
4.04344401322
1.59742660259
3.15705109721
2.64513138733
4.85461642154
3.43284886102
5.4705595666
4.4093501066
5.68571250963
5.40025302217
5.55113386376
6.37246479967
5.31802963189
7.35943959418
5.15715466487
8.35868763571
5.12240036336
8.68146382482
7.93717303933
8.97834028083
7.0514775605
9.20196860827
6.07687099244
9.35796647489
5.08911360036
10.2714379
4.683255524
11.3291971522
2.18458627343
11.1908500549
4.28996010152
12.1382563023
3.97053323671
11.5539584503
3.15900012744
11.2748341331
1.18606739906
13.9026286728
6.06114539398
14.8468268598
5.73176752032
13.1347259919
4.05448654321
15.7911331264
5.40269963212
14.0880789914
4.35634422237
16.7879289141
5.46159362643
14.9346068679
4.88789467253
17.7876202386
5.43674899492
18.781316211
5.36129934194
18.4083757961
3.85229509756
19.7757829117
5.25624706293
18.9529228098
4.69102541769
20.7723549359
5.19883254304
21.767310654
5.12118490995
21.8897715694
3.75078404449
23.5581688261
4.52043475984
22.762513901
5.02335599253
22.5892884053
4.27274679872
24.5556467757
4.59304262724
25.5552330622
4.56060390338
26.5514817724
4.47406145717
27.5453942581
4.36286613557
30.5251304234
4.01025161352
28.5383496163
4.24318463963
31.5201134805
3.90522991825
29.531610301
4.12391197427
32.5156635576
3.81099151672
33.5129101738
3.72880877908
34.5108835427
3.65966298673
38.5090184771
3.51579642367
35.5093349463
3.60402678854
36.5088126349
3.56188423842
39.5096774505
3.509452705
37.5091627752
3.53278464032
40.5098773236
3.51191731643
42.5099477565
3.53458573098
41.5098359668
3.52105236368
47.4984304837
3.56375602528
43.4981249414
3.49507140105
45.4979260788
3.5319123032
46.498534977
3.54928482017
48.4988577413
3.57411308607
44.4979606977
3.51323317025
49.4993987744
3.57950584487
54
64
62
58
61
60
63
59
56
57
55
53
50
54
52
51
49
48
47
45
43
46
44
42
41
40
39
36
38
37
34
33
31
29
28
26
24
27
25
23
18
17
15
14
10
9
8
7
6
5
4
2
3
1
0
1
1
2
0
3
2
3
4
2
1
2
2
2
5
2
4
6
2
5
7
2
8
6
2
9
7
2
8
10
2
9
14
1
12
2
11
13
2
12
14
3
10
13
15
2
17
14
2
19
20
2
18
15
3
17
19
23
2
16
18
1
16
1
22
2
24
21
2
25
18
3
26
27
22
2
27
23
2
24
28
2
24
25
2
26
29
2
28
31
1
32
3
32
33
29
2
30
31
2
34
31
2
33
37
1
38
2
38
39
2
34
38
3
35
36
37
2
40
36
2
41
39
2
40
42
2
41
44
2
45
46
2
42
46
2
43
47
2
43
44
2
48
45
2
49
47
2
48
51
2
53
54
2
49
52
2
51
54
2
50
55
2
50
52
2
57
53
2
57
59
2
56
55
2
61
62
2
56
63
2
61
63
2
58
60
2
64
58
2
59
60
1
62
