50.0
8.0
0.5
65
0.5
3.74713489097
1.4952527126
3.7556607502
2.49527887493
3.7557732824
2.11923767149
4.68238747274
3.49186812334
3.70777002419
5.48229190326
3.524795161
6.47912464059
3.43264747235
4.48755860695
3.63017489164
7.48169403584
3.38367822144
4.16084821031
4.57146408579
9.47788672362
3.48585413605
8.48157960242
3.39889898886
4.82564089821
5.31850264396
10.4655164321
3.63960249064
11.4441702307
3.84666119031
13.3814712313
4.34794989001
12.4144167062
4.08881352184
14.3507488151
4.60825131448
15.3196527947
4.85569641886
17.2734613592
5.28351494858
16.2938092121
5.08280972504
18.9075710633
4.7093777884
19.0621492468
3.72139716408
18.2562558769
5.45201784335
20.2442731662
5.66619918596
19.2477068276
5.58252606099
21.2438584573
5.69532722986
24.2357251557
5.45409821935
23.2438544299
5.58187328953
22.247185456
5.66597262321
25.2199687885
5.29960064445
26.4331110949
4.34521797269
27.1950164183
4.9803537812
26.2070718247
5.13526360686
25.8065362658
5.96989361344
28.1892497749
4.86954356851
29.0922927128
2.11326801222
29.1829766498
4.75660134705
29.8138112006
3.97700748445
29.4046784416
3.06322856222
30.655590372
4.52880678093
32.6300230393
4.8352214653
31.6340704877
4.74194639286
33.562874122
4.85316772524
35.5574339942
5.00953007129
34.5608353902
4.92711180479
36.5541414202
5.09881279203
37.550821539
5.19211828452
39.5481294886
5.371015553
38.5497287629
5.28518197326
43.7493211613
1.96275058359
42.8313012231
1.56583501259
40.5457653003
5.43990545902
44.5974134806
2.49270767608
41.5495270927
5.47853013187
45.294159269
3.21084205759
42.5495007317
5.46818615691
43.551427802
5.3890184586
45.8059089454
4.07002136656
44.5392189396
5.23316478124
46.4991008433
4.79264220829
45.5196890244
5.01842603544
47.4965447408
4.67121298335
48.493974725
4.59911070155
49.4967176579
4.56754975819
51
64
63
62
60
61
59
57
56
54
52
48
49
47
46
44
45
43
41
42
40
38
37
35
32
33
30
27
28
29
26
24
25
23
19
20
18
17
15
16
14
13
10
11
8
6
5
7
4
2
1
0
1
1
2
0
2
3
1
3
4
1
2
2
2
7
2
6
7
2
8
5
3
9
4
5
2
11
6
2
12
7
2
11
13
2
8
10
1
9
2
10
14
2
16
13
2
16
17
2
14
15
2
18
15
2
17
20
2
20
23
2
18
19
2
25
22
1
21
2
25
19
2
25
26
3
24
21
23
2
24
29
2
28
30
2
27
29
2
26
28
2
33
27
1
32
3
33
35
31
3
32
34
30
1
33
2
32
37
1
39
2
35
38
3
40
37
39
2
36
38
2
42
38
2
42
43
2
40
41
2
41
45
2
45
46
2
43
44
2
44
47
2
49
46
2
49
52
2
48
47
2
51
53
1
50
2
48
54
2
50
55
2
56
52
2
58
53
2
57
54
2
56
59
2
60
55
2
57
61
3
58
61
62
2
59
60
2
60
63
2
64
62
1
63
