50.0
8.0
0.5
65
0.5
3.88939465203
1.49254807324
3.90525418216
4.87205174902
4.67229643171
5.74968121762
4.19244740331
2.49208440918
3.9357065135
3.48728977352
3.97796804991
4.87858725825
5.86970142774
4.88696576823
4.9097872265
4.48588210195
4.03127765357
8.73481853799
4.47688302919
6.74842735112
4.24288834005
7.74108331826
4.3649291797
9.73424052613
4.43272807903
11.6781201196
4.04168655098
12.6636570011
3.87200772602
10.6914937442
4.20642807852
14.6904334968
2.89315140327
15.5582063329
2.39646124416
16.4901181847
2.03377473077
13.6038027377
3.53106782074
14.4136185585
3.83153683146
16.0062424432
4.8980174415
15.3443163748
4.14844472221
17.4715582603
1.84761174385
18.4708115918
1.83548369322
22.4143530114
4.86614157228
19.4601728234
1.98096584688
21.3510607732
2.62205997987
20.4201012847
2.25693715883
22.6425683446
3.96303919245
22.2591563454
3.03945918451
23.5622375549
3.57674143847
24.531580971
3.82048929871
26.3935823694
4.54918875044
25.4640989929
4.1803247473
27.3313584502
4.89510205278
28.2779793022
5.21557400967
29.240535694
5.48381452457
30.2337123323
5.60043427682
31.2048911378
5.69586565575
32.2043662355
5.66346919613
35.1169327106
5.04081447388
38.0040004812
4.31006348542
33.2015776712
5.59778326705
39.0020223126
4.36399761971
36.0449057576
4.66941699508
37.0081451705
4.40101512301
39.9957373173
4.47309803016
34.1783138192
5.38577037981
40.9925138471
4.55332614003
41.9912192136
4.59735521536
43.630184732
5.35885777158
44.5632119456
5.7186394726
42.9905754564
4.5901575864
44.6462732828
3.59404116767
43.9512597821
4.31303785329
45.356975493
2.89091721015
45.5358527168
5.95095376443
46.5176681872
6.14029884016
46.1096683839
2.23254542162
47.9530314718
1.69043260858
48.5014527455
6.38977216815
46.9530877577
1.69546081954
47.5066804719
6.28813219455
49.5000000001
6.44156663276
55
64
61
63
58
57
52
51
53
50
49
47
44
42
46
45
41
48
43
40
39
38
37
36
35
33
34
32
31
29
30
27
28
26
24
23
18
17
16
20
19
14
13
15
12
9
11
10
3
2
7
8
5
4
1
0
1
1
2
0
4
2
3
7
2
10
2
2
1
5
2
8
4
1
7
3
8
2
6
2
5
7
2
11
12
2
3
11
2
9
10
2
9
15
2
14
15
2
19
13
2
12
13
2
17
20
2
16
18
2
17
23
2
20
14
3
16
19
22
1
22
2
20
21
2
24
18
2
26
23
1
29
2
24
28
2
28
30
2
26
27
3
25
30
31
2
27
29
2
32
29
2
34
31
2
34
35
2
32
33
2
33
36
2
35
37
2
36
38
2
37
39
2
40
38
2
43
39
2
48
45
2
44
46
2
48
40
2
42
47
2
41
46
2
42
45
2
49
44
2
41
43
2
50
47
2
49
53
2
52
53
2
57
51
3
50
51
55
2
56
55
2
53
54
2
59
54
2
58
52
2
57
63
2
56
62
1
62
2
64
63
2
59
60
2
58
61
1
61
